10,209
10,101
10,259
10,83
10,117
10,185
10,2
10,3
11,7
9,7
9,2
9,3
8,12
8,7
8,4
8,3
79,3
79,2
79,1
79,0
63,4
63,3
63,2
63,1
63,0
61,3
61,2
61,1
61,0
60,5
60,4
60,3
60,2
60,1
60,0
59,4
59,3
59,2
59,1
59,0
57,5
57,4
57,3
57,2
57,1
57,0
54,5
54,4
54,3
54,2
54,1
54,0
52,5
52,4
52,3
52,2
52,1
52,0
50,3
50,1
48,3
48,1
43,3
43,1
40,3
40,1
20,3
20,2
20,1
19,3
19,2
19,1
17,3
17,2
17,1
16,3
16,2
16,1
15,3
15,2
15,1
14,2
13,2
12,3
12,2
12,1
11,29
11,28
11,27
11,26
11,25
11,24
11,23
11,22
11,21
11,20
11,19
11,18
11,17
11,16
11,15
11,14
11,11
11,1
11,9
11,3
18,1
11,2
